initial_positions:
   joint_a1: -1.906325827765831
   joint_a2: -0.8743425515612452
   joint_a3: 0.5554602580714685
   joint_a4: 1.5244518644227298
   joint_a5: -0.5408008207878194
   joint_a6: -0.8994336336950921
   joint_a7: -1.1700008756043787
