initial_positions:
   joint_a1: -1.7291019766484546
   joint_a2: -0.6426964725196643
   joint_a3: 0.47505269817484436
   joint_a4: 1.948556922105488
   joint_a5: -0.46281813116444864
   joint_a6: -0.6578246890437945
   joint_a7: -0.9625078726873316
