initial_positions:
   joint_a1: -1.729101976648455
   joint_a2: -0.6426964725196641
   joint_a3: 0.4750526981748446
   joint_a4: 1.9485569221054884
   joint_a5: -0.46281813116444875
   joint_a6: -0.6578246890437944
   joint_a7: -0.9625078726873317
