initial_positions:
   joint_a1: -1.969809001560898
   joint_a2: -0.6297033626520474
   joint_a3: 0.5632297739810586
   joint_a4: 1.6327950135758644
   joint_a5: -0.3851248123115047
   joint_a6: -0.9916770077585844
   joint_a7: -1.279651549734104
