initial_positions:
   joint_a1: -1.7291019766484546
   joint_a2: -0.6426964725196648
   joint_a3: 0.4750526981748441
   joint_a4: 1.9485569221054881
   joint_a5: -0.46281813116444903
   joint_a6: -0.6578246890437939
   joint_a7: -0.9625078726873315
