initial_positions:
   joint_a1: -2.2820522817110103
   joint_a2: -0.4415467938957143
   joint_a3: 0.7400788686924293
   joint_a4: 1.8885726975220831
   joint_a5: -0.3607600702259715
   joint_a6: -0.9489973587875558
   joint_a7: -1.375397049549602
