initial_positions:
   joint_a1: -2.037882906201209
   joint_a2: -0.6295449888255393
   joint_a3: 0.6189909757256122
   joint_a4: 1.8304261769085548
   joint_a5: -0.4772882140728434
   joint_a6: -0.8344485955982891
   joint_a7: -1.1811173040753695
